[
    -230,
    -466,
    -426,
    -386,
    -478,
    -426,
    -386,
    -70,
    170,
    -30,
    -430,
    -386,
    -444,
    -466,
    -488,
    -408,
    -466,
    -190,
    -110,
    -310,
    -466,
    -488,
    -452,
    -30,
    10,
    -190,
    -230,
    -444,
    -70,
    -240,
    10,
    -214,
    10,
    -150,
    -334,
    -390,
    -110,
    -466,
    90,
    -466,
    -70,
    -190,
    -434,
    -466,
    -448,
    -386,
    -426,
    50,
    -270,
    -466,
    10,
    -554,
    130,
    -230,
    50,
    -30,
    -444,
    -30,
    -110,
    90,
    -70,
    -372,
    -404,
    -466,
    -444,
    -466,
    -386,
    -230,
    -466,
    -406,
    -230,
    -408,
    -466,
    -426,
    -190,
    -488,
    -488,
    -590,
    -444,
    770,
    -444,
    690,
    -386,
    -466,
    -344,
    -444,
    -466,
    -466,
    -240,
    -150,
    -406,
    -244,
    -338,
    1570,
    -404,
    -270,
    -466,
    -280,
    -346,
    -70,
    -426,
    -510,
    -384,
    -378,
    -396,
    -150,
    -466,
    -374,
    730,
    -466,
    90,
    -360,
    -488,
    -362,
    -270,
    -460,
    -402,
    -110,
    -70,
    -504,
    -488,
    -268,
    -324,
    -404,
    -110,
    -70,
    -488,
    -426,
    -488,
    -386,
    10,
    -316,
    -408,
    -444,
    -110,
    -330,
    90,
    90,
    -150,
    -408,
    -332,
    90,
    -408,
    -70,
    10,
    -342,
    90,
    -366,
    -366,
    -444,
    -424,
    -340,
    -190,
    -292,
    -30,
    50,
    -274,
    -30,
    10,
    10,
    -110,
    -250,
    -294,
    10,
    90,
    -426,
    -30,
    -70,
    -444,
    -466,
    -224,
    -294,
    -404,
    -466,
    410,
    50,
    -270,
    10,
    -150,
    -348,
    -282,
    -70,
    90,
    -30,
    -238,
    -304,
    -236,
    -30,
    -242,
    -316,
    -190,
    -110,
    -240,
    -390,
    730,
    -466,
    10,
    -444,
    -30,
    -408,
    -466,
    -466,
    -466,
    -358,
    -372,
    -380,
    -388,
    -310,
    -378,
    1170,
    -318,
    -30,
    -358,
    -396,
    -406,
    -340,
    -358,
    -418,
    -264,
    -110,
    -344,
    -354,
    -378,
    1370,
    -372,
    1010,
    -30,
    -394,
    930,
    -418,
    -372,
    -110,
    130,
    -372,
    -388,
    -190,
    930,
    -402,
    50,
    -394,
    770,
    -30,
    -410,
    90,
    -278,
    -420,
    -430,
    -362,
    -320,
    -190,
    1090,
    1090,
    2250,
    -376,
    -358,
    490,
    -444,
    -286,
    170,
    50,
    130,
    -70,
    -70,
    50,
    -282,
    90,
    -276,
    10,
    -190,
    -324,
    -272,
    -30,
    -30,
    10,
    50,
    90,
    50,
    -240,
    90,
    -70,
    130,
    10,
    130,
    130,
    50,
    -242,
    -224,
    50,
    90,
    290,
    -228,
    50,
    130,
    -202,
    -224,
    250,
    -142,
    210,
    90,
    90,
    170,
    -338,
    -184,
    -110,
    -244,
    -70,
    -262,
    -246,
    170,
    -224,
    -224,
    90,
    -190,
    -264,
    -272,
    1170,
    -232,
    -264,
    -290,
    -286,
    490,
    130,
    -204,
    -150,
    -70,
    130,
    -294,
    50,
    50,
    -326,
    -268,
    570,
    -304,
    130,
    -190,
    -426,
    2290,
    -322,
    -70,
    50,
    -466,
    -466,
    -466,
    -444,
    -466,
    -312,
    1050,
    1490,
    10,
    90,
    -426,
    -466,
    170,
    -260,
    -336,
    130,
    50,
    50,
    -70,
    90,
    170,
    -466,
    -466,
    -466,
    90,
    -328,
    130,
    250,
    170,
    90,
    50,
    -30,
    130,
    610,
    -294,
    -326,
    -298,
    10,
    130,
    -246,
    170,
    -248,
    -30,
    -30,
    -446,
    -274,
    -314,
    -274,
    -274,
    -274,
    50,
    -320,
    -314,
    -300,
    410,
    -30,
    90,
    -210,
    1570,
    -332,
    1330,
    1370,
    -274,
    -296,
    -340,
    -322,
    -262,
    -352,
    -274,
    -30,
    -30,
    90,
    -362,
    1610,
    10,
    -314,
    -386,
    -30,
    330,
    10,
    10,
    -70,
    -368,
    -312,
    -150,
    10,
    930,
    2090,
    50,
    1050,
    50,
    90,
    770,
    290,
    90,
    1250,
    1890,
    -316,
    90,
    2050,
    90,
    130,
    50,
    -30,
    -424,
    610,
    1690,
    10,
    50,
    -294,
    690,
    -246,
    -370,
    290,
    -230,
    130,
    930,
    -110,
    50,
    -458,
    10,
    890,
    770,
    1650,
    -30,
    90,
    10,
    -414,
    -208,
    370,
    1050,
    250,
    10,
    -396,
    1450,
    -356,
    -70,
    -110,
    -408,
    50,
    -70,
    10,
    90,
    -486,
    130,
    50,
    -282,
    -30,
    90,
    -426,
    90,
    -396,
    10,
    530,
    -30,
    -374,
    -466,
    -422,
    -466,
    -448,
    -448,
    530,
    -274,
    -386,
    -466,
    -466,
    -280,
    50,
    -280,
    -272,
    130,
    -274,
    -192,
    530,
    -110,
    -274,
    -262,
    130,
    -110,
    90,
    90,
    -236,
    -70,
    130,
    -324,
    -346,
    50,
    -390,
    90,
    10,
    -258,
    50,
    10,
    50,
    130,
    -164,
    50,
    50,
    -274,
    -274,
    50,
    330,
    -190,
    410,
    130,
    -256,
    -274,
    -274,
    250,
    90,
    -226,
    1210,
    1290,
    -292,
    -274,
    -274,
    90,
    10,
    10,
    -230,
    -246,
    90,
    90,
    -264,
    -334,
    170,
    170,
    -290,
    -30,
    250,
    -208,
    10,
    170,
    90,
    570,
    -246,
    1610,
    -274,
    2850,
    -256,
    90,
    -30,
    2050,
    2050,
    -274,
    -274,
    -274,
    -284,
    2410,
    -228,
    -274,
    -292,
    10,
    130,
    -386,
    290,
    130,
    -466,
    210,
    -70,
    -280,
    1370,
    -362,
    290,
    90,
    130,
    250,
    1210,
    1170,
    -228,
    130,
    -330,
    1010,
    -70,
    -390,
    -256,
    -264,
    50,
    -280,
    -30,
    -270,
    730,
    -368,
    170,
    10,
    90,
    -228,
    -262,
    -210,
    -426,
    -466,
    -466,
    -268,
    -110,
    1770,
    -316,
    -110,
    -192,
    -148,
    -310,
    -308,
    -272,
    -284,
    -206,
    -202,
    -110,
    50,
    10,
    -386,
    -444,
    850,
    90,
    -284,
    130,
    -352,
    1410,
    1010,
    -374,
    -30,
    -312,
    -294,
    1170,
    170,
    -30,
    2130,
    -280,
    -334,
    -360,
    170,
    -218,
    130,
    -352,
    1090,
    90,
    -228,
    570,
    10,
    -308,
    -246,
    -334,
    -232,
    -328,
    90,
    -282,
    -324,
    -310,
    -304,
    10,
    -260,
    -192,
    130,
    -444,
    -270,
    -264,
    -246,
    -286,
    -264,
    -308,
    -282,
    -30,
    -366,
    -322,
    10,
    -286,
    -316,
    -444,
    -532,
    -466,
    -386,
    -466,
    -466,
    -330,
    -300,
    2090,
    -312,
    -366,
    -322,
    -304,
    -282,
    -466,
    -282,
    -30,
    -380,
    10,
    -294,
    -30,
    -404,
    1130,
    90,
    -308,
    -466,
    -270,
    -344,
    -326,
    -286,
    50,
    -286,
    -466,
    -466,
    -344,
    -404,
    -320,
    -340,
    -30,
    -378,
    210,
    -150,
    -70,
    -370,
    50,
    -30,
    -30,
    -110,
    -436,
    10,
    10,
    490,
    -444,
    -308,
    -326,
    -360,
    -410,
    -374,
    50,
    50,
    -110,
    50,
    -328,
    -466,
    -466,
    -70,
    90,
    -244,
    -366,
    -298,
    -334,
    -466,
    -462,
    1490,
    -344,
    1050,
    -426,
    -210,
    -414,
    -282,
    10,
    -466,
    -466,
    -386,
    170,
    -218,
    1410,
    -224,
    -224,
    130,
    250,
    -186,
    -448,
    -274,
    130,
    -466,
    -466,
    90,
    170,
    530,
    -404,
    50,
    530,
    490,
    10,
    410,
    -426,
    -466,
    290,
    -240,
    -70,
    -286,
    -298,
    -210,
    -280,
    -338,
    -328,
    -300,
    730,
    1890,
    -366,
    -308,
    -406,
    10,
    -306,
    130,
    -266,
    -308,
    50,
    -404,
    -286,
    -110,
    -332,
    -426,
    -444,
    -466,
    -248,
    10,
    890,
    -340,
    -70,
    50,
    210,
    -260,
    -408,
    1290,
    -308,
    -260,
    -260,
    -228,
    -260,
    -260,
    -264,
    -332,
    -260,
    -260,
    -414,
    130,
    -260,
    -296,
    -260,
    -242,
    570,
    -276,
    10,
    -406,
    -30,
    -242,
    90,
    50,
    10,
    -338,
    -242,
    -224,
    -150,
    -238,
    -328,
    90,
    -426,
    770,
    -224,
    -330,
    210,
    210,
    -296,
    -290,
    -224,
    -292,
    90,
    2330,
    -220,
    1050,
    50,
    -366,
    90,
    -228,
    90,
    90,
    -268,
    -30,
    -268,
    -312,
    -228,
    -304,
    850,
    1530,
    -278,
    -272,
    50,
    570,
    1090,
    -290,
    -70,
    -30,
    -314,
    -286,
    1930,
    130,
    90,
    90,
    -324,
    -304,
    -210,
    410,
    -246,
    450,
    90,
    -230,
    -276,
    -280,
    -284,
    -304,
    50,
    -70,
    -192,
    1530,
    10,
    -150,
    130,
    170,
    -338,
    -192,
    -408,
    -30,
    -326,
    1330,
    1330,
    50,
    -30,
    -350,
    -232,
    610,
    -282,
    -232,
    1330,
    10,
    -30,
    1010,
    -312,
    -264,
    -30,
    50,
    930,
    -70,
    -254,
    -272,
    50,
    -386,
    -444,
    -466,
    -262,
    -70,
    -466,
    -426,
    -404,
    -444,
    -444,
    -250,
    -428,
    -530,
    -510,
    -230,
    -466,
    2050,
    -254,
    -374,
    -374,
    -276,
    -420,
    -354,
    -400,
    -336,
    -370,
    10,
    -150,
    -218,
    730,
    -354,
    850,
    2210,
    -394,
    290,
    1090,
    -310,
    -444,
    -532,
    -466,
    610,
    -466,
    50,
    10,
    -406,
    -324,
    2290,
    -310,
    -256,
    1090,
    2690,
    -394,
    -360,
    770,
    10,
    -316,
    -420,
    930,
    890,
    1010,
    -370,
    -366,
    -282,
    1930,
    -354,
    -230,
    1570,
    -376,
    -230,
    -334,
    2010,
    1090,
    -466,
    10,
    -30,
    -70,
    -156,
    -308,
    90,
    -294,
    -386,
    -386,
    -422,
    -466,
    1490,
    -370,
    1210,
    -466,
    2090,
    -286,
    90,
    170,
    -304,
    -276,
    50,
    -444,
    690,
    1850,
    -354,
    -240,
    -190,
    1890,
    -338,
    -322,
    1090,
    -348,
    -230,
    290,
    -70,
    770,
    10,
    -406,
    -110,
    -376,
    -190,
    -270,
    -354,
    1570,
    -352,
    -110,
    -302,
    -524,
    -316,
    130,
    1090,
    -366,
    -282,
    90,
    770,
    -358,
    10,
    970,
    -380,
    1050,
    130,
    1010,
    90,
    -580,
    -318,
    -446,
    -466,
    1690,
    -322,
    -366,
    -150,
    -70,
    -358,
    -336,
    -398,
    -398,
    -308,
    1170,
    1130,
    1250,
    -30,
    -398,
    -398,
    1010,
    -484,
    -398,
    1770,
    1370,
    -340,
    490,
    -398,
    -436,
    1650,
    -438,
    1330,
    -376,
    -70,
    -398,
    -70,
    -466,
    -286,
    170,
    290,
    90,
    -270,
    -214,
    210,
    50,
    10,
    50,
    -294,
    610,
    -110,
    50,
    -378,
    -426,
    130,
    890,
    450,
    50,
    1930,
    2090,
    1050,
    850,
    810,
    -284,
    2290,
    1850,
    50,
    1690,
    90,
    1570,
    2250,
    -398,
    2330,
    -320,
    890,
    -150,
    490,
    -70,
    1210,
    1370,
    -276,
    -472,
    770,
    50,
    -334,
    90,
    1490,
    2210,
    1050,
    -466,
    -426,
    530,
    -444,
    1090,
    -466,
    -466,
    -444,
    -466,
    130,
    -196,
    -30,
    -374,
    -110,
    1370,
    -322,
    730,
    -70,
    10,
    -290,
    -426,
    -30,
    -264,
    1090,
    1970,
    -266,
    -292,
    1170,
    1130,
    1170,
    -408,
    1010,
    130,
    -206,
    650,
    -332,
    -426,
    970,
    -488,
    -70,
    -296,
    -296,
    -110,
    -630,
    -30,
    -110,
    1690,
    90,
    -190,
    -286,
    1010,
    -286,
    850,
    50,
    -70,
    -226,
    10,
    -230,
    50,
    1730,
    -404,
    -30,
    -466,
    -286,
    -340,
    -314,
    2330,
    1210,
    2370,
    -256,
    1530,
    50,
    -386,
    -290,
    -466,
    2490,
    -466,
    -380,
    1930,
    -110,
    -174,
    -110,
    730,
    10,
    850,
    50,
    730,
    490,
    -258,
    -70,
    -110,
    -70,
    -278,
    1970,
    10,
    -318,
    -384,
    -386,
    -444,
    10,
    -498,
    730,
    650,
    2450,
    1250,
    1850,
    -30,
    2170,
    -336,
    1730,
    2370,
    2930,
    -444,
    1010,
    -372,
    1210,
    2530,
    1210,
    -484,
    770,
    1450,
    1530,
    250,
    -512,
    1970,
    2210,
    -302,
    170,
    610,
    1650,
    1650,
    -352,
    -336,
    1650,
    1610,
    -30,
    1450,
    850,
    2090,
    1690,
    -384,
    1610,
    -332,
    2130,
    2170,
    50,
    1970,
    1650,
    -70,
    -110,
    850,
    490,
    10,
    -268,
    -192,
    -242,
    -232,
    -290,
    450,
    -322,
    1250,
    690,
    490,
    -30,
    -334,
    -340,
    -302,
    -312,
    1170,
    -110,
    10,
    -264,
    -70,
    -346,
    170,
    90,
    -424,
    10,
    90,
    -286,
    -196,
    -70,
    -374,
    130,
    -292,
    -214,
    1210,
    -354,
    -308,
    -422
]